              precision    recall  f1-score   support

           A       1.00      0.99      1.00       299
           B       1.00      0.96      0.98       284
           C       1.00      1.00      1.00       293
           D       1.00      1.00      1.00       301
           E       0.99      0.98      0.98       286
           F       1.00      1.00      1.00       316
           G       0.99      0.97      0.98       312
           H       0.97      0.99      0.98       294
           I       1.00      0.99      0.99       298
           J       1.00      1.00      1.00       287
           K       1.00      0.99      0.99       274
           L       1.00      1.00      1.00       310
           M       0.99      0.99      0.99       296
           N       0.99      0.99      0.99       279
           O       1.00      1.00      1.00       298
           P       1.00      1.00      1.00       291
           Q       1.00      1.00      1.00       329
           R       0.98      0.98      0.98       272
           S       0.99      1.00      0.99       285
           T       1.00      0.99      1.00       313
           U       0.94      0.99      0.96       310
           V       0.98      0.99      0.98       343
           W       0.99      0.98      0.98       297
           X       1.00      0.98      0.99       300
           Y       0.99      0.99      0.99       298
           Z       1.00      1.00      1.00       299
         del       1.00      1.00      1.00       291
     nothing       1.00      1.00      1.00       316
       space       0.99      1.00      1.00       329

    accuracy                           0.99      8700
   macro avg       0.99      0.99      0.99      8700
weighted avg       0.99      0.99      0.99      8700
